X	Y	Data
0	0	0.484144
1936	0	0.267838
3872	0	0.076610
5808	0	0.065247
7744	0	0.126484
9680	0	0.116541
11616	0	0.048010
13552	0	0.058983
15488	0	0.147914
17424	0	0.188614
19360	0	0.155995
21296	0	0.051212
23232	0	0.089031
25168	0	0.241936
27104	0	0.337173
29040	0	0.375069
30976	0	0.353206
32912	0	0.275976
34848	0	0.063132
36784	0	0.065165
38720	0	0.153753
40656	0	0.175451
42592	0	0.128905
44528	0	0.045454
46464	0	0.047535
48400	0	0.103639
50336	0	0.104384
52272	0	0.044511
54208	0	0.078884
56144	0	0.242205
58080	0	0.406030
58100	0	0.404989
0	1936	0.312137
1936	1936	0.131771
3872	1936	0.026728
5808	1936	0.127002
7744	1936	0.165936
9680	1936	0.138427
11616	1936	0.057114
13552	1936	0.060378
15488	1936	0.158707
17424	1936	0.212355
19360	1936	0.201323
21296	1936	0.122779
23232	1936	0.012678
25168	1936	0.113666
27104	1936	0.200931
29040	1936	0.229608
30976	1936	0.142101
32912	1936	0.280528
34848	1936	0.029798
36784	1936	0.131783
38720	1936	0.190541
40656	1936	0.188051
42592	1936	0.127461
44528	1936	0.033914
46464	1936	0.073446
48400	1936	0.139853
50336	1936	0.157885
52272	1936	0.111423
54208	1936	0.020897
56144	1936	0.117159
58080	1936	0.272342
58100	1936	0.271640
0	3872	0.149108
1936	3872	0.012556
3872	3872	0.108043
5808	3872	0.182767
7744	3872	0.204970
9680	3872	0.152291
11616	3872	0.067181
13552	3872	0.057313
15488	3872	0.161718
17424	3872	0.224786
19360	3872	0.234860
21296	3872	0.180558
23232	3872	0.107903
25168	3872	0.022197
27104	3872	0.079281
29040	3872	0.098608
30976	3872	0.069349
32912	3872	0.028246
34848	3872	0.103691
36784	3872	0.186080
38720	3872	0.223230
40656	3872	0.199652
42592	3872	0.123692
44528	3872	0.026534
46464	3872	0.085658
48400	3872	0.164284
50336	3872	0.196924
52272	3872	0.172905
54208	3872	0.100682
56144	3872	0.026421
58080	3872	0.114799
58100	3872	0.115048
0	5808	0.026101
1936	5808	0.045060
3872	5808	0.163847
5808	5808	0.225433
7744	5808	0.206856
9680	5808	0.154682
11616	5808	0.069530
13552	5808	0.056065
15488	5808	0.154024
17424	5808	0.226593
19360	5808	0.244114
21296	5808	0.207934
23232	5808	0.139140
25168	5808	0.060309
27104	5808	0.025448
29040	5808	0.036478
30976	5808	0.042936
32912	5808	0.082715
34848	5808	0.154246
36784	5808	0.216282
38720	5808	0.237093
40656	5808	0.205665
42592	5808	0.123493
44528	5808	0.021898
46464	5808	0.098180
48400	5808	0.180398
50336	5808	0.219507
52272	5808	0.211996
54208	5808	0.160285
56144	5808	0.088311
58080	5808	0.053421
58100	5808	0.053888
0	7744	0.063352
1936	7744	0.128798
3872	7744	0.180549
5808	7744	0.206610
7744	7744	0.190358
9680	7744	0.134391
11616	7744	0.057809
13552	7744	0.053518
15488	7744	0.140830
17424	7744	0.204363
19360	7744	0.220555
21296	7744	0.195607
23232	7744	0.143834
25168	7744	0.082175
27104	7744	0.050356
29040	7744	0.042502
30976	7744	0.068806
32912	7744	0.102556
34848	7744	0.158358
36784	7744	0.203468
38720	7744	0.214020
40656	7744	0.177812
42592	7744	0.104301
44528	7744	0.022523
46464	7744	0.090081
48400	7744	0.164641
50336	7744	0.237350
52272	7744	0.237048
54208	7744	0.173304
56144	7744	0.121006
58080	7744	0.069322
58100	7744	0.068707
0	9680	0.083465
1936	9680	0.118067
3872	9680	0.147310
5808	9680	0.152398
7744	9680	0.150589
9680	9680	0.107651
11616	9680	0.029565
13552	9680	0.046325
15488	9680	0.114934
17424	9680	0.158349
19360	9680	0.160692
21296	9680	0.139704
23232	9680	0.100139
25168	9680	0.066091
27104	9680	0.031158
29040	9680	0.025120
30976	9680	0.042773
32912	9680	0.071221
34848	9680	0.117847
36784	9680	0.154131
38720	9680	0.165120
40656	9680	0.144410
42592	9680	0.091057
44528	9680	0.024148
46464	9680	0.070760
48400	9680	0.126956
50336	9680	0.161810
52272	9680	0.164615
54208	9680	0.146457
56144	9680	0.098910
58080	9680	0.058177
58100	9680	0.057947
0	11616	0.051029
1936	11616	0.062530
3872	11616	0.069508
5808	11616	0.071289
7744	11616	0.050985
9680	11616	0.028622
11616	11616	0.012755
13552	11616	0.048075
15488	11616	0.076339
17424	11616	0.088316
19360	11616	0.085006
21296	11616	0.070920
23232	11616	0.032398
25168	11616	0.029619
27104	11616	0.046714
29040	11616	0.048744
30976	11616	0.030467
32912	11616	0.021491
34848	11616	0.045283
36784	11616	0.075383
38720	11616	0.090051
40656	11616	0.084002
42592	11616	0.054688
44528	11616	0.027103
46464	11616	0.037724
48400	11616	0.066976
50336	11616	0.085049
52272	11616	0.083727
54208	11616	0.061655
56144	11616	0.040706
58080	11616	0.024924
58100	11616	0.025181
0	13552	0.020307
1936	13552	0.028023
3872	13552	0.040855
5808	13552	0.046895
7744	13552	0.054782
9680	13552	0.041617
11616	13552	0.067892
13552	13552	0.037306
15488	13552	0.033327
17424	13552	0.022247
19360	13552	0.025410
21296	13552	0.050015
23232	13552	0.074103
25168	13552	0.084855
27104	13552	0.096887
29040	13552	0.097551
30976	13552	0.084680
32912	13552	0.063291
34848	13552	0.045197
36784	13552	0.030925
38720	13552	0.024521
40656	13552	0.028573
42592	13552	0.028138
44528	13552	0.029293
46464	13552	0.031062
48400	13552	0.036764
50336	13552	0.048436
52272	13552	0.104129
54208	13552	0.076606
56144	13552	0.065058
58080	13552	0.080051
58100	13552	0.080661
0	15488	0.079345
1936	15488	0.108392
3872	15488	0.130406
5808	15488	0.142212
7744	15488	0.139766
9680	15488	0.114248
11616	15488	0.076968
13552	15488	0.032839
15488	15488	0.023789
17424	15488	0.063300
19360	15488	0.099949
21296	15488	0.124913
23232	15488	0.135932
25168	15488	0.142783
27104	15488	0.140340
29040	15488	0.137789
30976	15488	0.130983
32912	15488	0.125421
34848	15488	0.116971
36784	15488	0.107386
38720	15488	0.082790
40656	15488	0.057400
42592	15488	0.028511
44528	15488	0.037760
46464	15488	0.074506
48400	15488	0.111289
50336	15488	0.140643
52272	15488	0.155488
54208	15488	0.153013
56144	15488	0.146967
58080	15488	0.140812
58100	15488	0.141034
0	17424	0.111018
1936	17424	0.160368
3872	17424	0.199792
5808	17424	0.220056
7744	17424	0.205664
9680	17424	0.160968
11616	17424	0.092391
13552	17424	0.019716
15488	17424	0.062661
17424	17424	0.128097
19360	17424	0.163784
21296	17424	0.175681
23232	17424	0.166684
25168	17424	0.150115
27104	17424	0.134744
29040	17424	0.129363
30976	17424	0.129898
32912	17424	0.141548
34848	17424	0.154821
36784	17424	0.159499
38720	17424	0.144707
40656	17424	0.113670
42592	17424	0.062713
44528	17424	0.036262
46464	17424	0.106489
48400	17424	0.162834
50336	17424	0.209869
52272	17424	0.220438
54208	17424	0.208823
56144	17424	0.179179
58080	17424	0.146985
58100	17424	0.145663
0	19360	0.093294
1936	19360	0.160569
3872	19360	0.221953
5808	19360	0.251289
7744	19360	0.234332
9680	19360	0.176462
11616	19360	0.085209
13552	19360	0.024013
15488	19360	0.105314
17424	19360	0.168649
19360	19360	0.201176
21296	19360	0.183783
23232	19360	0.150461
25168	19360	0.109113
27104	19360	0.084284
29040	19360	0.074628
30976	19360	0.110779
32912	19360	0.110355
34848	19360	0.151516
36784	19360	0.182572
38720	19360	0.195707
40656	19360	0.158973
42592	19360	0.093542
44528	19360	0.027738
46464	19360	0.113964
48400	19360	0.185376
50336	19360	0.234996
52272	19360	0.241626
54208	19360	0.214267
56144	19360	0.155902
58080	19360	0.099930
58100	19360	0.098021
0	21296	0.031053
1936	21296	0.112807
3872	21296	0.191700
5808	21296	0.248736
7744	21296	0.231264
9680	21296	0.168109
11616	21296	0.070772
13552	21296	0.043922
15488	21296	0.137210
17424	21296	0.193384
19360	21296	0.200672
21296	21296	0.161472
23232	21296	0.090982
25168	21296	0.039898
27104	21296	0.056456
29040	21296	0.066473
30976	21296	0.047684
32912	21296	0.039636
34848	21296	0.103920
36784	21296	0.164287
38720	21296	0.193845
40656	21296	0.176491
42592	21296	0.115896
44528	21296	0.032865
46464	21296	0.093939
48400	21296	0.177215
50336	21296	0.219048
52272	21296	0.212788
54208	21296	0.161329
56144	21296	0.076266
58080	21296	0.062408
58100	21296	0.060305
0	23232	0.116297
1936	23232	0.024522
3872	23232	0.122386
5808	23232	0.189703
7744	23232	0.193768
9680	23232	0.138060
11616	23232	0.039185
13552	23232	0.073538
15488	23232	0.162210
17424	23232	0.202549
19360	23232	0.184127
21296	23232	0.110713
23232	23232	0.012579
25168	23232	0.099431
27104	23232	0.171482
29040	23232	0.196870
30976	23232	0.156065
32912	23232	0.076754
34848	23232	0.036004
36784	23232	0.126921
38720	23232	0.187523
40656	23232	0.188534
42592	23232	0.138528
44528	23232	0.054314
46464	23232	0.058990
48400	23232	0.143639
50336	23232	0.180443
52272	23232	0.156206
54208	23232	0.077782
56144	23232	0.047107
58080	23232	0.186240
58100	23232	0.187462
0	25168	0.245403
1936	25168	0.084249
3872	25168	0.039982
5808	25168	0.125114
7744	25168	0.139806
9680	25168	0.093061
11616	25168	0.030894
13552	25168	0.100278
15488	25168	0.173297
17424	25168	0.197332
19360	25168	0.155157
21296	25168	0.060720
23232	25168	0.084483
25168	25168	0.207402
27104	25168	0.301073
29040	25168	0.324604
30976	25168	0.281027
32912	25168	0.182336
34848	25168	0.057587
36784	25168	0.080103
38720	25168	0.162692
40656	25168	0.190075
42592	25168	0.154213
44528	25168	0.072422
46464	25168	0.043532
48400	25168	0.093473
50336	25168	0.129786
52272	25168	0.094494
54208	25168	0.029532
56144	25168	0.160710
58080	25168	0.334853
58100	25168	0.337383
0	27104	0.345152
1936	27104	0.173051
3872	27104	0.028811
5808	27104	0.070642
7744	27104	0.098719
9680	27104	0.062999
11616	27104	0.038023
13552	27104	0.112814
15488	27104	0.183502
17424	27104	0.194069
19360	27104	0.136571
21296	27104	0.044381
23232	27104	0.146658
25168	27104	0.278343
27104	27104	0.389442
29040	27104	0.423328
30976	27104	0.367949
32912	27104	0.255270
34848	27104	0.100879
36784	27104	0.045866
38720	27104	0.150005
40656	27104	0.191231
42592	27104	0.164224
44528	27104	0.089427
46464	27104	0.028003
48400	27104	0.079751
50336	27104	0.102700
52272	27104	0.062429
54208	27104	0.085534
56144	27104	0.239948
58080	27104	0.431562
58100	27104	0.428485
0	29040	0.378640
1936	29040	0.207431
3872	29040	0.051320
5808	29040	0.050348
7744	29040	0.081167
9680	29040	0.058310
11616	29040	0.041676
13552	29040	0.120582
15488	29040	0.184289
17424	29040	0.188222
19360	29040	0.130994
21296	29040	0.039988
23232	29040	0.158622
25168	29040	0.314527
27104	29040	0.412386
29040	29040	0.444591
30976	29040	0.392172
32912	29040	0.273991
34848	29040	0.114856
36784	29040	0.043814
38720	29040	0.145596
40656	29040	0.188127
42592	29040	0.168179
44528	29040	0.094278
46464	29040	0.035920
48400	29040	0.089015
50336	29040	0.096069
52272	29040	0.054966
54208	29040	0.087841
56144	29040	0.253563
58080	29040	0.448890
58100	29040	0.446782
0	30976	0.351255
1936	30976	0.173470
3872	30976	0.046802
5808	30976	0.066380
7744	30976	0.097955
9680	30976	0.059256
11616	30976	0.033999
13552	30976	0.108918
15488	30976	0.178133
17424	30976	0.189285
19360	30976	0.135545
21296	30976	0.035206
23232	30976	0.132102
25168	30976	0.273324
27104	30976	0.370130
29040	30976	0.397306
30976	30976	0.351414
32912	30976	0.236549
34848	30976	0.086111
36784	30976	0.061076
38720	30976	0.158429
40656	30976	0.193335
42592	30976	0.163927
44528	30976	0.086405
46464	30976	0.038293
48400	30976	0.097990
50336	30976	0.113714
52272	30976	0.077308
54208	30976	0.047522
56144	30976	0.205400
58080	30976	0.387809
58100	30976	0.385690
0	32912	0.256378
1936	32912	0.100817
3872	32912	0.043253
5808	32912	0.121924
7744	32912	0.138833
9680	32912	0.097028
11616	32912	0.028150
13552	32912	0.087065
15488	32912	0.166971
17424	32912	0.194481
19360	32912	0.158500
21296	32912	0.064614
23232	32912	0.063685
25168	32912	0.179674
27104	32912	0.266435
29040	32912	0.290870
30976	32912	0.244949
32912	32912	0.149213
34848	32912	0.028322
36784	32912	0.103693
38720	32912	0.178807
40656	32912	0.195768
42592	32912	0.153754
44528	32912	0.064104
46464	32912	0.056912
48400	32912	0.131451
50336	32912	0.164607
52272	32912	0.135907
54208	32912	0.043206
56144	32912	0.091667
58080	32912	0.246114
58100	32912	0.253113
0	34848	0.125492
1936	34848	0.016832
3872	34848	0.116709
5808	34848	0.183082
7744	34848	0.190520
9680	34848	0.141703
11616	34848	0.055684
13552	34848	0.062034
15488	34848	0.149654
17424	34848	0.197020
19360	34848	0.188773
21296	34848	0.128407
23232	34848	0.045263
25168	34848	0.082079
27104	34848	0.124118
29040	34848	0.143471
30976	34848	0.111179
32912	34848	0.049290
34848	34848	0.063381
36784	34848	0.146644
38720	34848	0.197277
40656	34848	0.190593
42592	34848	0.132225
44528	34848	0.048253
46464	34848	0.077556
48400	34848	0.167015
50336	34848	0.214445
52272	34848	0.205896
54208	34848	0.145211
56144	34848	0.035641
58080	34848	0.083381
58100	34848	0.088351
0	36784	0.029642
1936	36784	0.099458
3872	36784	0.183117
5808	36784	0.233131
7744	36784	0.229898
9680	36784	0.175842
11616	36784	0.081887
13552	36784	0.039141
15488	36784	0.119086
17424	36784	0.182809
19360	36784	0.198318
21296	36784	0.817142
23232	36784	0.122681
25168	36784	0.061965
27104	36784	0.029356
29040	36784	0.017061
30976	36784	0.036105
32912	36784	0.072323
34848	36784	0.131214
36784	36784	0.182082
38720	36784	0.200988
40656	36784	0.174300
42592	36784	0.106818
44528	36784	0.020367
46464	36784	0.103339
48400	36784	0.190219
50336	36784	0.248947
52272	36784	0.249278
54208	36784	0.212239
56144	36784	0.138530
58080	36784	0.059552
58100	36784	0.060023
0	38720	0.099622
1936	38720	0.152250
3872	38720	0.245490
5808	38720	0.240621
7744	38720	0.232044
9680	38720	0.183170
11616	38720	0.105130
13552	38720	0.024454
15488	38720	0.082158
17424	38720	0.152644
19360	38720	0.186816
21296	38720	0.191218
23232	38720	0.170013
25168	38720	0.139840
27104	38720	0.114114
29040	38720	0.102141
30976	38720	0.112314
32912	38720	0.139119
34848	38720	0.168551
36784	38720	0.183699
38720	38720	0.177837
40656	38720	0.142371
42592	38720	0.072616
44528	38720	0.021044
46464	38720	0.104496
48400	38720	0.181853
50336	38720	0.235152
52272	38720	0.253606
54208	38720	0.233944
56144	38720	0.118292
58080	38720	0.507821
58100	38720	0.510825
0	40656	0.121410
1936	40656	0.161319
3872	40656	0.195511
5808	40656	0.204879
7744	40656	0.197938
9680	40656	0.158827
11616	40656	0.099498
13552	40656	0.033464
15488	40656	0.043664
17424	40656	0.103934
19360	40656	0.144183
21296	40656	0.166176
23232	40656	0.170007
25168	40656	0.166806
27104	40656	0.157456
29040	40656	0.149479
30976	40656	0.298175
32912	40656	0.158183
34848	40656	0.158081
36784	40656	0.153361
38720	40656	0.131717
40656	40656	0.095335
42592	40656	0.039104
44528	40656	0.030679
46464	40656	0.087301
48400	40656	0.143700
50336	40656	0.185775
52272	40656	0.201521
54208	40656	0.199975
56144	40656	0.194950
58080	40656	0.161389
58100	40656	0.161406
0	42592	0.090578
1936	42592	0.100994
3872	42592	0.116889
5808	42592	0.209678
7744	42592	0.116130
9680	42592	0.103176
11616	42592	0.078418
13552	42592	0.046534
15488	42592	0.017728
17424	42592	0.036230
19360	42592	0.073707
21296	42592	0.100421
23232	42592	0.124387
25168	42592	0.139576
27104	42592	0.145360
29040	42592	0.144474
30976	42592	0.136502
32912	42592	0.119865
34848	42592	0.100661
36784	42592	0.077748
38720	42592	0.058000
40656	42592	0.035444
42592	42592	0.018382
44528	42592	0.028405
46464	42592	0.050319
48400	42592	0.072938
50336	42592	0.094858
52272	42592	0.105252
54208	42592	0.109970
56144	42592	0.112041
58080	42592	0.116846
58100	42592	0.116511
0	44528	0.038658
1936	44528	0.024913
3872	44528	0.024120
5808	44528	0.029987
7744	44528	0.032708
9680	44528	0.039747
11616	44528	0.045008
13552	44528	0.052681
15488	44528	0.054850
17424	44528	0.048922
19360	44528	0.039054
21296	44528	0.033568
23232	44528	0.044524
25168	44528	0.068669
27104	44528	0.090165
29040	44528	0.098054
30976	44528	0.082056
32912	44528	0.043164
34848	44528	0.019366
36784	44528	0.029156
38720	44528	0.053864
40656	44528	0.062221
42592	44528	0.051619
44528	44528	0.037780
46464	44528	0.014814
48400	44528	0.027287
50336	44528	0.038899
52272	44528	0.039054
54208	44528	0.030253
56144	44528	0.024711
58080	44528	0.228995
58100	44528	0.224692
0	46464	0.053628
1936	46464	0.079017
3872	46464	0.107920
5808	46464	0.124377
7744	46464	0.114451
9680	46464	0.082440
11616	46464	0.036591
13552	46464	0.051127
15488	46464	0.094253
17424	46464	0.125735
19360	46464	0.125916
21296	46464	0.097434
23232	46464	0.059955
25168	46464	0.031117
27104	46464	0.035386
29040	46464	0.046462
30976	46464	0.036454
32912	46464	0.039184
34848	46464	0.081185
36784	46464	0.126143
38720	46464	0.143419
40656	46464	0.133720
42592	46464	0.094100
44528	46464	0.031492
46464	46464	0.040205
48400	46464	0.091842
50336	46464	0.129637
52272	46464	0.136224
54208	46464	0.116092
56144	46464	0.055720
58080	46464	0.051896
58100	46464	0.052017
0	48400	0.093487
1936	48400	0.145691
3872	48400	0.197508
5808	48400	0.224708
7744	48400	0.213525
9680	48400	0.158178
11616	48400	0.067880
13552	48400	0.041827
15488	48400	0.128058
17424	48400	0.186176
19360	48400	0.205234
21296	48400	0.181109
23232	48400	0.129011
25168	48400	0.069614
27104	48400	0.034359
29040	48400	0.036669
30976	48400	0.051688
32912	48400	0.096799
34848	48400	0.152926
36784	48400	0.204518
38720	48400	0.219573
40656	48400	0.192168
42592	48400	0.123813
44528	48400	0.024640
46464	48400	0.070920
48400	48400	0.155665
50336	48400	0.205683
52272	48400	0.214599
54208	48400	0.187937
56144	48400	0.132969
58080	48400	0.077765
58100	48400	0.079844
0	50336	0.078073
1936	50336	0.156149
3872	50336	0.231188
5808	50336	0.280394
7744	50336	0.266176
9680	50336	0.202877
11616	50336	0.093539
13552	50336	0.036938
15488	50336	0.148909
17424	50336	0.231077
19360	50336	0.257817
21296	50336	0.227865
23232	50336	0.161879
25168	50336	0.086992
27104	50336	0.040116
29040	50336	0.042214
30976	50336	0.057442
32912	50336	0.109501
34848	50336	0.178546
36784	50336	0.243865
38720	50336	0.268151
40656	50336	0.235094
42592	50336	0.152660
44528	50336	0.039148
46464	50336	0.090454
48400	50336	0.189079
50336	50336	0.240229
52272	50336	0.243158
54208	50336	0.198346
56144	50336	0.127892
58080	50336	0.057678
58100	50336	0.057815
0	52272	0.073360
1936	52272	0.100244
3872	52272	0.205574
5808	52272	0.274295
7744	52272	0.279806
9680	52272	0.219892
11616	52272	0.106663
13552	52272	0.053115
15488	52272	0.160273
17424	52272	0.249540
19360	52272	0.277657
21296	52272	0.235672
23232	52272	0.150434
25168	52272	0.050267
27104	52272	0.034938
29040	52272	0.057736
30976	52272	0.052129
32912	52272	0.078259
34848	52272	0.161020
36784	52272	0.245166
38720	52272	0.275453
40656	52272	0.249681
42592	52272	0.162899
44528	52272	0.047790
46464	52272	0.090449
48400	52272	0.190313
50336	52272	0.240034
52272	52272	0.231480
54208	52272	0.166927
56144	52272	0.065885
58080	52272	0.082619
58100	52272	0.067652
0	54208	0.172015
1936	54208	0.039939
3872	54208	0.121643
5808	54208	0.213621
7744	54208	0.246919
9680	54208	0.203740
11616	54208	0.103649
13552	54208	0.034124
15488	54208	0.163603
17424	54208	0.250701
19360	54208	0.262476
21296	54208	0.199604
23232	54208	0.094201
25168	54208	0.031242
27104	54208	0.126568
29040	54208	0.159628
30976	54208	0.129876
32912	54208	0.049583
34848	54208	0.093595
36784	54208	0.194595
38720	54208	0.256194
40656	54208	0.245953
42592	54208	0.169304
44528	54208	0.051944
46464	54208	0.081334
48400	54208	0.173014
50336	54208	0.210724
52272	54208	0.184475
54208	54208	0.083057
56144	54208	0.153318
58080	54208	0.187961
58100	54208	0.192797
0	56144	0.382568
1936	56144	0.171793
3872	56144	0.022357
5808	56144	0.133656
7744	56144	0.189962
9680	56144	0.172327
11616	56144	0.082738
13552	56144	0.064482
15488	56144	0.165695
17424	56144	0.237250
19360	56144	0.232022
21296	56144	0.146226
23232	56144	0.038994
25168	56144	0.150132
27104	56144	0.263563
29040	56144	0.308858
30976	56144	0.333638
32912	56144	0.190196
34848	56144	0.030514
36784	56144	0.119317
38720	56144	0.211144
40656	56144	0.223283
42592	56144	0.169817
44528	56144	0.063575
46464	56144	0.086284
48400	56144	0.139308
50336	56144	0.158901
52272	56144	0.107740
54208	56144	0.038676
56144	56144	0.187581
58080	56144	0.367764
58100	56144	0.367651
0	58080	0.579178
1936	58080	0.333555
3872	58080	0.117799
5808	58080	0.067470
7744	58080	0.139267
9680	58080	0.142834
11616	58080	0.076538
13552	58080	0.069034
15488	58080	0.175119
17424	58080	0.223649
19360	58080	0.194068
21296	58080	0.135001
23232	58080	0.114229
25168	58080	0.285659
27104	58080	0.415890
29040	58080	0.477133
30976	58080	0.431010
32912	58080	0.310318
34848	58080	0.130237
36784	58080	0.047385
38720	58080	0.156846
40656	58080	0.198677
42592	58080	0.161226
44528	58080	0.069912
46464	58080	0.066796
48400	58080	0.100815
50336	58080	0.106336
52272	58080	0.050058
54208	58080	0.134523
56144	58080	0.324362
58080	58080	0.525580
58100	58080	0.523007
0	58100	0.589361
1936	58100	0.344363
3872	58100	0.116591
5808	58100	0.091447
7744	58100	0.143582
9680	58100	0.142848
11616	58100	0.074377
13552	58100	0.068349
15488	58100	0.174082
17424	58100	0.224820
19360	58100	0.196480
21296	58100	0.090163
23232	58100	0.116295
25168	58100	0.285861
27104	58100	0.419881
29040	58100	0.474832
30976	58100	0.433847
32912	58100	0.307627
34848	58100	0.131819
36784	58100	0.058594
38720	58100	0.157039
40656	58100	0.199251
42592	58100	0.161792
44528	58100	0.067456
46464	58100	0.057754
48400	58100	0.104902
50336	58100	0.104847
52272	58100	0.048838
54208	58100	0.131474
56144	58100	0.319327
58080	58100	0.531079
58100	58100	0.531630
